0.0
1197.0
104
1527
44
3640
7688
8
3300
4506
4
6888
8041
75
8794
145
98
6649
3297
55
8255
4140
22
3250
7363
1
5849
2415
11
1155
7496
85
7794
3589
39
1476
8426
73
5597
8988
9
8900
411
20
2169
8450
42
2811
8841
74
4504
1264
18
1598
1956
95
4935
2290
31
997
3863
47
1846
1436
0
3495
6875
26
7612
7535
13
4978
616
49
6693
3818
50
4618
3251
69
6104
4998
91
3902
1418
44
7552
4957
64
4480
1355
93
9751
8348
73
2436
1550
90
7868
9724
14
8384
1808
21
7468
4981
65
9750
587
36
3291
3723
81
9247
123
47
9858
8352
91
4276
1240
94
5313
8916
98
7100
8641
23
1589
8883
17
8559
5329
46
507
9380
68
6091
6851
55
4682
1023
73
4126
3183
13
5130
7570
16
4898
6918
88
603
2956
15
5404
343
99
1381
8314
10
1035
3081
91
7293
2823
0
4202
3964
70
4007
8130
72
2484
1295
25
6402
1100
23
2232
781
41
4329
1179
89
1514
9197
33
6085
2988
14
8525
8906
20
3083
392
73
5401
6088
80
5752
7376
59
1416
7057
84
3679
2918
75
7053
8174
12
1114
15
36
1047
7096
32
3705
3144
68
5274
5816
95
772
8065
83
8015
8958
71
4584
4012
55
9553
6942
44
9446
1217
85
6931
1234
87
7381
8342
95
7908
4195
51
7696
921
25
251
5709
72
6722
6216
7
8289
2638
43
3706
4199
8
7711
226
29
4744
2337
57
4602
118
53
9371
1723
61
179
1194
50
2845
8512
39
7257
3578
74
488
1639
75
3601
4945
14
822
1115
75
5553
1682
97
9392
742
3
9055
6004
60
722
1521
65
4973
7235
98
7838
3221
72
8671
103
32
6421
9069
70
6705
1819
20
8331
4243
55
4389
480
70
9542
1128
77
9352
33
35
3448
1110
4
7147
7654
8
7928
3283
79
3929
1583
23
4960
8646
54
8172
5461
22
4314
4545
32
2764
6266
22
7781
7824
96
1564
9661
0
338
7814
21
880
9651
10
7932
7442
2
8276
9880
62
4347
4570
74
4916
5941
58
8776
7860
49
6036
1057
59
807
4985
46
9412
9088
94
5819
3510
49
7515
6915
12
4331
271
57
3648
3856
56
7333
6968
93
357
5225
9
2540
3151
39
3916
4931
61
5954
1930
94
7356
2866
71
9101
4850
31
6274
4707
53
5245
5415
32
3198
7836
64
1311
2964
73
3448
8653
88
5001
917
1
5785
5429
48
5626
3919
14
6582
1545
40
9764
4115
90
5132
6865
3
9435
6599
26
8005
8054
60
6689
993
59
1302
565
87
8277
9932
62
5115
7366
8
1476
5001
97
4727
9225
48
4475
6957
2
7833
3640
25
4621
5017
29
7552
9625
26
5934
1022
10
2844
2161
36
4670
9490
62
3460
6931
27
2509
6315
25
7122
5036
4
620
4184
53
5573
921
90
1985
4976
39
846
216
60
1875
1420
44
7685
8249
30
8251
6439
94
5957
3501
8
1508
7618
19
3170
2425
31
768
1596
4
1125
4975
93
6746
3325
97
8390
1736
68
6829
4630
23
6893
9089
61
9767
5663
17
3384
4766
49
6516
9187
20
6161
1260
96
1985
7405
62
2014
3616
95
4532
2711
3
5030
3506
26
6012
9508
14
6565
6212
68
3356
3415
85
7339
7163
17
1467
5076
34
8027
1414
79
8329
8443
51
2931
2241
62
3690
2244
45
3038
3814
38
7420
9271
7
4846
416
37
8255
1449
11
1546
9281
1
6458
1351
38
4284
1996
83
8961
8990
96
5853
7396
93
4619
9392
46
4167
6534
3
2690
3617
28
1717
2939
25
4897
7473
26
2647
1992
90
1161
6181
17
5605
5562
3
134
4479
89
6805
8538
40
7219
4112
7
9107
4673
90
7019
5
29
4152
192
84
1796
2659
6
1828
5406
65
8186
4049
29
5317
571
56
7165
3406
91
7839
1307
89
6238
5348
93
5547
8006
6
2498
7671
41
7949
107
49
3133
8267
11
5315
205
91
9090
7807
51
736
581
48
3942
6539
69
1420
9527
39
4856
3394
52
9289
1082
89
5448
4103
64
9519
6740
80
962
1639
56
8186
3879
21
7535
8561
3
6997
3850
74
7568
2099
64
6115
3879
77
8638
1549
31
1507
5313
20
771
5057
71
3996
5711
60
5870
2534
78
5361
1533
38
8838
584
52
6224
9495
99
5653
8145
74
9248
9103
63
2812
1369
18
3960
2900
37
1897
8262
90
470
8762
17
4445
6986
89
4060
5285
38
5848
2554
5
1073
4454
89
3275
234
0
5391
8899
8
4825
7142
27
9842
5252
35
4416
7577
70
5845
2168
14
6038
423
80
9164
6212
13
9360
5604
97
8361
1162
59
6594
9919
93
3263
4469
68
3738
3688
60
2737
7269
43
1720
8284
52
8202
3078
25
8564
9771
62
1881
2000
75
9971
6286
93
6406
7197
2
5026
1354
85
6474
3723
39
6999
3724
67
9286
5294
4
7339
7391
86
779
5856
14
8081
5815
70
699
2034
66
3587
8806
60
4536
1785
82
4284
2576
57
1735
9449
13
799
5854
12
1502
8428
87
7652
2214
69
3339
8845
0
7811
9435
48
4280
7936
42
7306
6365
54
7893
7728
76
7646
861
12
7592
5564
64
814
5403
54
3799
3750
38
310
327
64
8070
1185
8
3503
5760
47
8559
1391
26
7005
8585
63
8084
2366
63
2727
8403
11
5701
6677
12
7739
9006
83
3871
8203
80
4349
8272
24
9149
807
28
6343
8265
79
4556
5430
1
4855
8518
11
5431
5066
20
9731
3489
18
8316
1522
24
4658
927
7
9218
6820
40
2150
1628
83
5078
3646
98
6197
4823
32
1343
9746
95
9874
3276
70
1730
7427
89
4430
1178
53
452
790
77
7568
7976
39
5809
5495
71
7261
6429
32
9943
1561
79
4157
1383
70
7105
2764
34
9292
1787
73
751
3066
64
3639
6329
70
3474
3278
59
4113
8536
40
7899
9795
98
4818
58
66
7513
2313
28
8089
7909
8
4516
2245
14
3361
8474
29
4466
7184
67
2269
5750
24
1262
5945
67
26
5266
18
8966
924
5
8676
7143
55
1762
9983
58
220
9306
0
8826
4659
17
2779
4665
20
5750
8907
95
2317
7583
16
8189
7085
97
5471
5774
37
1172
8681
14
5398
3305
48
9821
2972
43
5263
203
49
4475
112
64
1224
9611
22
7323
7106
81
4821
6953
47
4711
1852
76
306
8533
54
2383
5438
78
5242
2700
57
1970
9696
84
8027
2527
4
36
1605
93
6735
9062
30
3907
9463
52
3653
2016
89
6146
4204
3
5538
5231
51
5889
7221
74
3052
6883
24
6037
8459
18
4034
5001
66
437
3068
89
4709
2876
14
1312
5043
68
4071
3167
15
247
3040
3
8448
5281
84
3490
8919
50
2494
5638
77
6114
8027
67
6956
2071
20
8102
2081
9
2844
460
30
6562
8825
99
1874
7035
40
1310
6052
72
8001
3171
70
9902
2622
36
8792
130
45
3030
2879
6
5424
9638
37
1777
8347
10
9022
7435
59
5844
7207
16
9307
2636
83
2080
6373
39
481
6734
20
7737
6815
67
2728
5015
8
4314
2032
65
5414
6739
55
8926
4661
93
7420
2312
10
8163
2362
52
9028
8514
38
8635
2183
33
9408
1099
20
2141
1367
83
390
6497
41
6793
1154
9
5195
6258
98
7701
857
10
5140
3940
54
8097
9942
30
5658
690
43
9213
1709
26
8728
3338
86
1860
9466
91
3168
4722
67
5577
4058
27
8983
6655
46
438
4550
28
1724
9671
99
9152
4537
80
7820
2830
50
1843
7730
16
205
677
91
5914
4260
12
3889
1137
14
8431
4803
71
4943
7965
33
7539
2725
25
834
8526
57
3226
4665
98
5
3214
16
1220
240
42
9703
7040
74
8597
117
84
1602
8676
14
6683
4868
22
8794
3825
4
8560
1388
72
7017
1036
42
1866
9163
50
9956
1100
93
6007
183
88
8431
9876
67
9226
7231
31
7007
6754
38
9584
9008
0
7828
1801
69
3545
3837
34
9523
7950
68
1854
8414
69
1025
6060
83
9470
4372
35
3763
294
41
675
3671
70
6578
5551
85
2801
7590
90
1977
3732
31
9516
2126
73
9010
8738
70
3773
1983
29
1742
3365
96
9593
3232
72
5446
2970
60
3260
1600
39
8284
8865
57
7371
4879
43
247
8168
49
3893
8025
14
5060
90
38
5042
2242
65
